#                                                                            --- full sequence --- -------------- this domain -------------   hmm coord   ali coord   env coord
# target name        accession   tlen query name           accession   qlen   E-value  score  bias   #  of  c-Evalue  i-Evalue  score  bias  from    to  from    to  from    to  acc description of target
#------------------- ---------- ----- -------------------- ---------- ----- --------- ------ ----- --- --- --------- --------- ------ ----- ----- ----- ----- ----- ----- ----- ---- ---------------------
gene_6793            -            664 AA3.hmm              -            618   2.6e-98  329.4   0.0   1   1  2.3e-100   3.5e-98  329.0   0.0    88   402    73   657    57   662 0.88 [Phchr4_2]
gene_12307           -            604 AA3.hmm              -            618   3.8e-95  319.0   0.0   1   1     3e-97   4.6e-95  318.7   0.0    87   399    10   600     4   603 0.88 [Phchr4_2]
gene_7594            -            598 AA3.hmm              -            618   4.3e-95  318.8   0.0   1   1   3.4e-97   5.2e-95  318.5   0.0    84   400    31   595    18   598 0.88 [Phchr4_2]
gene_5175            -            581 AA3.hmm              -            618   2.2e-94  316.4   0.0   1   1   1.8e-96   2.7e-94  316.2   0.0    82   399    12   579     6   581 0.86 [Phchr4_2]
gene_10855           -            588 AA3.hmm              -            618   7.3e-94  314.7   0.1   1   1   5.8e-96   8.8e-94  314.5   0.1    84   400    32   586    25   588 0.86 [Phchr4_2]
gene_5173            -            582 AA3.hmm              -            618     2e-93  313.3   0.0   1   1   1.5e-95   2.4e-93  313.1   0.0    85   400    15   579    10   582 0.87 [Phchr4_2]
gene_7629            -            591 AA3.hmm              -            618   3.4e-93  312.5   0.1   1   1   2.9e-95   4.5e-93  312.1   0.1    82   402     9   577     3   582 0.88 [Phchr4_2]
gene_10726           -            602 AA3.hmm              -            618   2.6e-92  309.6   0.0   1   1     2e-94     3e-92  309.4   0.0    86   401    12   601     3   602 0.89 [Phchr4_2]
gene_392             -            588 AA3.hmm              -            618   6.7e-92  308.3   0.0   1   1   5.4e-94   8.2e-92  308.0   0.0    86   403    18   586    11   588 0.86 [Phchr4_2]
gene_5169            -            587 AA3.hmm              -            618   4.6e-90  302.2   0.0   1   1   3.9e-92     6e-90  301.8   0.0    84   401    14   581    10   585 0.87 [Phchr4_2]
gene_3128            -            607 AA3.hmm              -            618   6.2e-90  301.8   0.0   1   1   5.4e-92   8.2e-90  301.4   0.0    88   400    16   602     6   606 0.88 [Phchr4_2]
gene_12293           -            606 AA3.hmm              -            618   6.5e-90  301.7   0.0   1   1   5.5e-92   8.4e-90  301.3   0.0    87   399    10   602     4   605 0.88 [Phchr4_2]
gene_3119            -            607 AA3.hmm              -            618   1.1e-89  301.0   0.0   1   1   9.3e-92   1.4e-89  300.6   0.0    88   400    16   602     6   606 0.88 [Phchr4_2]
gene_1206            -            605 AA3.hmm              -            618   1.4e-89  300.6   0.0   1   1   1.1e-91   1.7e-89  300.3   0.0    86   400     9   604     4   605 0.87 [Phchr4_2]
gene_3223            -            703 AA3.hmm              -            618   2.4e-89  299.8   0.1   1   1   2.5e-91   3.8e-89  299.2   0.1    87   400    54   645    34   664 0.87 [Phchr4_2]
gene_9751            -            613 AA3.hmm              -            618   3.7e-89  299.2   0.0   1   1   3.1e-91   4.7e-89  298.8   0.0    84   405     7   605     4   609 0.87 [Phchr4_2]
gene_10834           -            615 AA3.hmm              -            618   5.5e-89  298.6   0.0   1   1   4.2e-91   6.5e-89  298.4   0.0    88   400    12   610     5   615 0.88 [Phchr4_2]
gene_10845           -            630 AA3.hmm              -            618   5.8e-89  298.6   0.0   1   1   4.6e-91   7.1e-89  298.3   0.0    84   405    21   628    13   630 0.87 [Phchr4_2]
gene_6663            -            605 AA3.hmm              -            618   1.3e-88  297.4   0.0   1   1   9.8e-91   1.5e-88  297.2   0.0    86   400    10   604     3   605 0.88 [Phchr4_2]
gene_3121            -            582 AA3.hmm              -            618   1.5e-87  293.9   0.0   1   1   1.3e-89     2e-87  293.5   0.0    84   399    14   578     6   581 0.87 [Phchr4_2]
gene_3693            -            606 AA3.hmm              -            618   6.5e-87  291.8   0.0   1   1   5.6e-89   8.7e-87  291.4   0.0    90   399    16   601     7   605 0.87 [Phchr4_2]
gene_3131            -            606 AA3.hmm              -            618   1.5e-85  287.3   0.0   1   1   1.2e-87   1.8e-85  287.0   0.0    85   402    13   604     3   606 0.87 [Phchr4_2]
gene_9510            -            651 AA3.hmm              -            618   4.4e-85  285.7   0.0   1   1   3.7e-87   5.6e-85  285.4   0.0    88   416     5   639     2   649 0.88 [Phchr4_2]
gene_5166            -            602 AA3.hmm              -            618   2.1e-84  283.5   0.0   1   1   1.8e-86   2.7e-84  283.1   0.0    90   399    16   599    11   601 0.89 [Phchr4_2]
gene_2881            -            603 AA3.hmm              -            618     3e-83  279.7   0.0   1   1   2.2e-85   3.4e-83  279.5   0.0    83   399     8   601     1   603 0.88 [Phchr4_2]
gene_2871            -            603 AA3.hmm              -            618   3.7e-83  279.4   0.0   1   1     3e-85   4.6e-83  279.1   0.0    87   399    12   601     4   603 0.88 [Phchr4_2]
gene_12449           -            599 AA3.hmm              -            618   1.5e-82  277.3   0.0   1   1   1.2e-84   1.8e-82  277.1   0.0    86   400    12   597     2   599 0.88 [Phchr4_2]
gene_7821            -            605 AA3.hmm              -            618   1.8e-82  277.1   0.0   1   1   1.4e-84   2.2e-82  276.8   0.0    84   400     9   602     2   605 0.88 [Phchr4_2]
gene_4152            -            630 AA3.hmm              -            618   4.3e-82  275.9   0.2   1   1   3.8e-84   5.8e-82  275.4   0.2    86   400    28   624    20   628 0.85 [Phchr4_2]
gene_1204            -            587 AA3.hmm              -            618   5.7e-82  275.4   0.0   1   1     5e-84   7.7e-82  275.0   0.0    86   398     9   582     4   584 0.86 [Phchr4_2]
gene_11807           -            602 AA3.hmm              -            618   4.8e-80  269.1   0.0   1   1   3.8e-82   5.8e-80  268.8   0.0    86   402     3   598     1   601 0.88 [Phchr4_2]
gene_2880            -            603 AA3.hmm              -            618     5e-80  269.0   0.0   1   1     4e-82   6.2e-80  268.7   0.0    87   399    12   601     8   603 0.87 [Phchr4_2]
gene_2873            -            605 AA3.hmm              -            618   4.6e-75  252.6   0.0   1   1   3.8e-77   5.9e-75  252.3   0.0    88   399     7   599     2   603 0.87 [Phchr4_2]
gene_9752            -            648 AA3.hmm              -            618   2.5e-74  250.2   0.0   1   1     2e-76   3.1e-74  249.9   0.0    86   400     9   645     6   648 0.87 [Phchr4_2]
gene_7349            -            773 AA3.hmm              -            618     5e-61  206.3   0.1   1   1   4.4e-63   6.8e-61  205.8   0.1    81   400   226   769   188   772 0.73 [Phchr4_2]
gene_5168            -            377 AA3.hmm              -            618   1.5e-55  188.2   0.0   1   1   1.3e-57   1.9e-55  187.8   0.0    86   305    12   343     6   374 0.78 [Phchr4_2]
gene_3497            -            621 AA3.hmm              -            618   4.7e-31  107.3   0.0   1   1   4.4e-33   6.7e-31  106.8   0.0    87   404    11   619     6   620 0.73 [Phchr4_2]
gene_5167            -            264 AA3.hmm              -            618   1.5e-27   95.7   0.0   1   1     1e-29   1.6e-27   95.6   0.0   284   398    49   263     6   264 0.84 [Phchr4_2]
gene_9748            -            179 AA3.hmm              -            618   2.2e-17   62.1   0.0   1   1   1.5e-19   2.3e-17   62.0   0.0   279   390    38   179     8   179 0.80 [Phchr4_2]
gene_4136            -            237 AA3.hmm              -            618   2.8e-14   51.9   0.0   1   1   2.3e-16   3.5e-14   51.6   0.0   266   386    40   235    27   236 0.88 [Phchr4_2]
#
# Program:         hmmsearch
# Version:         3.3.2 (Nov 2020)
# Pipeline mode:   SEARCH
# Query file:      /kb/module/work/tmp/output.1777173254839/AA3/AA3.hmm
# Target file:     /kb/module/work/tmp/output.1777173254839/Phchr4_2.fasta
# Option settings: /kb/module/hmmer/bin/hmmsearch --domtblout /kb/module/work/tmp/output.1777173254839/AA3/AA3-Phchr4_2.hitout.txt --noali --notextw --domE 1e-15 /kb/module/work/tmp/output.1777173254839/AA3/AA3.hmm /kb/module/work/tmp/output.1777173254839/Phchr4_2.fasta 
# Current dir:     /kb/module/work/tmp/output.1777173254839
# Date:            Sun Apr 26 03:19:38 2026
# [ok]
