#                                                                            --- full sequence --- -------------- this domain -------------   hmm coord   ali coord   env coord
# target name        accession   tlen query name           accession   qlen   E-value  score  bias   #  of  c-Evalue  i-Evalue  score  bias  from    to  from    to  from    to  acc description of target
#------------------- ---------- ----- -------------------- ---------- ----- --------- ------ ----- --- --- --------- --------- ------ ----- ----- ----- ----- ----- ----- ----- ---- ---------------------
gene_7349            -            773 AA3_1.hmm            -            548  1.9e-176  587.3   2.1   1   1  1.7e-178  2.4e-176  586.9   2.1     8   547   225   769   147   770 0.95 [Phchr4_2]
gene_7594            -            598 AA3_1.hmm            -            548   1.7e-55  188.1   0.0   1   2   1.6e-19   2.4e-17   62.2   0.0     9   151    29   172    19   195 0.81 [Phchr4_2]
gene_7594            -            598 AA3_1.hmm            -            548   1.7e-55  188.1   0.0   2   2   6.3e-38   9.2e-36  122.9   0.0   196   543   233   591   227   595 0.79 [Phchr4_2]
gene_392             -            588 AA3_1.hmm            -            548   3.9e-53  180.3   0.0   1   2   5.7e-38   8.2e-36  123.1   0.0    10   385    15   399     8   413 0.78 [Phchr4_2]
gene_392             -            588 AA3_1.hmm            -            548   3.9e-53  180.3   0.0   2   2   2.5e-17   3.7e-15   54.9   0.0   392   542   427   578   418   583 0.83 [Phchr4_2]
gene_6663            -            605 AA3_1.hmm            -            548   2.1e-52  177.9   0.0   1   2   7.9e-17   1.2e-14   53.3   0.1     7   141     4   138     1   144 0.74 [Phchr4_2]
gene_6663            -            605 AA3_1.hmm            -            548   2.1e-52  177.9   0.0   2   2   2.7e-36   3.9e-34  117.6   0.0   199   546   215   603   181   605 0.82 [Phchr4_2]
gene_5173            -            582 AA3_1.hmm            -            548   2.5e-51  174.3   0.0   1   2     5e-36   7.3e-34  116.7   0.0    12   324    15   331     6   340 0.81 [Phchr4_2]
gene_5173            -            582 AA3_1.hmm            -            548   2.5e-51  174.3   0.0   2   2   1.9e-17   2.8e-15   55.3   0.0   408   544   436   576   428   579 0.81 [Phchr4_2]
gene_12307           -            604 AA3_1.hmm            -            548   5.9e-51  173.1   0.1   1   3   8.6e-20   1.3e-17   63.1   0.2    11   143     7   139     1   157 0.76 [Phchr4_2]
gene_12307           -            604 AA3_1.hmm            -            548   5.9e-51  173.1   0.1   2   3   4.9e-16   7.1e-14   50.7   0.0   166   365   181   373   170   402 0.78 [Phchr4_2]
gene_12307           -            604 AA3_1.hmm            -            548   5.9e-51  173.1   0.1   3   3   1.6e-17   2.4e-15   55.6   0.0   403   543   454   597   444   600 0.75 [Phchr4_2]
gene_10855           -            588 AA3_1.hmm            -            548   1.8e-48  164.9   0.0   1   2   5.4e-18   7.8e-16   57.2   0.1    10   142    31   164    24   182 0.81 [Phchr4_2]
gene_10855           -            588 AA3_1.hmm            -            548   1.8e-48  164.9   0.0   2   2   1.2e-32   1.7e-30  105.6   0.0   196   544   234   583   227   586 0.81 [Phchr4_2]
gene_10726           -            602 AA3_1.hmm            -            548   5.6e-48  163.3   0.0   1   2   2.2e-19   3.2e-17   61.8   0.0    12   159    11   158     3   163 0.84 [Phchr4_2]
gene_10726           -            602 AA3_1.hmm            -            548   5.6e-48  163.3   0.0   2   2   6.7e-16   9.8e-14   50.2   0.0   408   544   458   597   435   600 0.75 [Phchr4_2]
gene_2881            -            603 AA3_1.hmm            -            548   1.2e-47  162.2   0.0   1   2   1.7e-18   2.5e-16   58.8   0.1    11   142     9   140     2   149 0.82 [Phchr4_2]
gene_2881            -            603 AA3_1.hmm            -            548   1.2e-47  162.2   0.0   2   2   4.8e-16     7e-14   50.7   0.0   167   367   184   377   175   395 0.83 [Phchr4_2]
gene_12293           -            606 AA3_1.hmm            -            548   1.8e-47  161.6   0.0   1   1   2.6e-20   3.8e-18   64.8   0.0   399   544   451   600   438   603 0.83 [Phchr4_2]
gene_7629            -            591 AA3_1.hmm            -            548     6e-47  159.9   0.1   1   2     8e-16   1.2e-13   50.0   0.7    15   148    15   148     8   162 0.81 [Phchr4_2]
gene_7629            -            591 AA3_1.hmm            -            548     6e-47  159.9   0.1   2   2   4.1e-32   5.9e-30  103.8   0.0   194   544   210   572   195   575 0.80 [Phchr4_2]
gene_3128            -            607 AA3_1.hmm            -            548   6.1e-47  159.8   0.0   1   2   2.4e-17   3.5e-15   55.0   0.0     9   141    10   143     2   152 0.85 [Phchr4_2]
gene_3128            -            607 AA3_1.hmm            -            548   6.1e-47  159.8   0.0   2   2   8.6e-17   1.2e-14   53.2   0.0   392   543   443   598   417   602 0.77 [Phchr4_2]
gene_3119            -            607 AA3_1.hmm            -            548   7.7e-47  159.5   0.0   1   2     4e-17   5.8e-15   54.3   0.0     9   141    10   143     2   152 0.85 [Phchr4_2]
gene_3119            -            607 AA3_1.hmm            -            548   7.7e-47  159.5   0.0   2   2   6.8e-17   9.9e-15   53.5   0.0   390   543   441   598   415   602 0.78 [Phchr4_2]
gene_12449           -            599 AA3_1.hmm            -            548     1e-46  159.1   0.0   1   1   5.3e-20   7.7e-18   63.8   0.0    11   158    10   158     3   163 0.84 [Phchr4_2]
gene_5175            -            581 AA3_1.hmm            -            548   1.7e-46  158.4   0.0   1   2   1.7e-16   2.4e-14   52.2   0.4    12   142    15   141     8   161 0.74 [Phchr4_2]
gene_5175            -            581 AA3_1.hmm            -            548   1.7e-46  158.4   0.0   2   2   1.7e-18   2.5e-16   58.8   0.0   407   544   436   577   432   580 0.81 [Phchr4_2]
gene_3121            -            582 AA3_1.hmm            -            548   8.1e-46  156.1   0.0   1   1   1.6e-32   2.3e-30  105.1   0.0    10   323    13   330     6   340 0.77 [Phchr4_2]
gene_1206            -            605 AA3_1.hmm            -            548   1.6e-45  155.2   0.1   1   1   3.5e-18   5.1e-16   57.8   0.0   392   544   447   601   438   605 0.77 [Phchr4_2]
gene_2880            -            603 AA3_1.hmm            -            548   1.5e-44  151.9   0.0   1   1   1.3e-16   1.9e-14   52.6   0.0   195   378   212   388   184   404 0.79 [Phchr4_2]
gene_6793            -            664 AA3_1.hmm            -            548   4.6e-44  150.3   0.0   1   1   7.7e-33   1.1e-30  106.1   0.1    12   333    70   401    59   443 0.74 [Phchr4_2]
gene_2871            -            603 AA3_1.hmm            -            548   4.2e-43  147.2   0.0   1   1   4.2e-17   6.1e-15   54.2   0.0    15   148    13   146     6   155 0.81 [Phchr4_2]
gene_9751            -            613 AA3_1.hmm            -            548   5.7e-43  146.7   0.0   1   1   1.1e-17   1.6e-15   56.2   0.0    12   144     8   140     2   154 0.81 [Phchr4_2]
gene_2873            -            605 AA3_1.hmm            -            548   5.8e-43  146.7   0.2   1   1   3.1e-33   4.5e-31  107.5   0.1    14   317     6   320     1   377 0.78 [Phchr4_2]
gene_5166            -            602 AA3_1.hmm            -            548   1.3e-42  145.6   0.0   1   1   2.8e-16   4.1e-14   51.5   0.2    13   144    12   143     4   161 0.77 [Phchr4_2]
gene_5169            -            587 AA3_1.hmm            -            548   1.6e-41  141.9   0.0   1   2   2.9e-26   4.3e-24   84.4   0.1    13   325    16   333     9   345 0.77 [Phchr4_2]
gene_5169            -            587 AA3_1.hmm            -            548   1.6e-41  141.9   0.0   2   2   5.5e-17     8e-15   53.8   0.0   407   544   436   577   421   580 0.88 [Phchr4_2]
gene_3693            -            606 AA3_1.hmm            -            548   1.9e-41  141.7   0.1   1   1   3.6e-19   5.2e-17   61.0   0.0   391   545   442   599   399   602 0.80 [Phchr4_2]
gene_7821            -            605 AA3_1.hmm            -            548   8.2e-41  139.6   0.0   1   1   1.7e-17   2.5e-15   55.5   0.1    11   142     9   140     2   153 0.84 [Phchr4_2]
gene_9510            -            651 AA3_1.hmm            -            548   2.2e-40  138.2   0.0   1   1   1.9e-30   2.8e-28   98.2   0.0    15   288     5   296     2   346 0.76 [Phchr4_2]
gene_1204            -            587 AA3_1.hmm            -            548   9.4e-40  136.1   0.1   1   1   4.7e-18   6.8e-16   57.4   0.1    11   140     7   136     2   146 0.83 [Phchr4_2]
gene_3223            -            703 AA3_1.hmm            -            548     9e-39  132.9   1.0   1   1   7.8e-25   1.1e-22   79.7   0.0   213   544   276   642   254   645 0.73 [Phchr4_2]
gene_11807           -            602 AA3_1.hmm            -            548   3.6e-37  127.6   0.0   1   1     1e-26   1.5e-24   85.9   0.0    13   332     3   332     1   363 0.73 [Phchr4_2]
gene_9752            -            648 AA3_1.hmm            -            548   1.7e-36  125.3   0.0   1   1   7.8e-17   1.1e-14   53.3   0.0   390   544   486   642   473   645 0.81 [Phchr4_2]
gene_5168            -            377 AA3_1.hmm            -            548   2.7e-27   95.0   3.6   1   1   6.9e-16     1e-13   50.2   1.0    12   146    11   145     5   158 0.78 [Phchr4_2]
gene_5167            -            264 AA3_1.hmm            -            548   4.8e-16   57.9   0.0   1   1   3.9e-18   5.7e-16   57.6   0.0   337   542    50   260    27   263 0.76 [Phchr4_2]
#
# Program:         hmmsearch
# Version:         3.3.2 (Nov 2020)
# Pipeline mode:   SEARCH
# Query file:      /kb/module/work/tmp/output.1777173254839/AA3_1/AA3_1.hmm
# Target file:     /kb/module/work/tmp/output.1777173254839/Phchr4_2.fasta
# Option settings: /kb/module/hmmer/bin/hmmsearch --domtblout /kb/module/work/tmp/output.1777173254839/AA3_1/AA3_1-Phchr4_2.hitout.txt --noali --notextw --domE 1e-15 /kb/module/work/tmp/output.1777173254839/AA3_1/AA3_1.hmm /kb/module/work/tmp/output.1777173254839/Phchr4_2.fasta 
# Current dir:     /kb/module/work/tmp/output.1777173254839
# Date:            Sun Apr 26 03:19:39 2026
# [ok]
