#                                                                            --- full sequence --- -------------- this domain -------------   hmm coord   ali coord   env coord
# target name        accession   tlen query name           accession   qlen   E-value  score  bias   #  of  c-Evalue  i-Evalue  score  bias  from    to  from    to  from    to  acc description of target
#------------------- ---------- ----- -------------------- ---------- ----- --------- ------ ----- --- --- --------- --------- ------ ----- ----- ----- ----- ----- ----- ----- ---- ---------------------
gene_9510            -            651 AA3_3.hmm            -            590  1.8e-268  891.3   0.0   1   1  7.5e-271    2e-268  891.1   0.0     1   590     5   625     5   625 0.99 [Phchr4_2]
gene_2873            -            605 AA3_3.hmm            -            590  9.9e-227  753.4   0.0   1   1  4.2e-229  1.1e-226  753.2   0.0     1   590     7   602     7   602 0.97 [Phchr4_2]
gene_11807           -            602 AA3_3.hmm            -            590  4.6e-219  728.1   0.0   1   1    2e-221  5.2e-219  727.9   0.0     1   590     5   598     5   598 0.96 [Phchr4_2]
gene_1206            -            605 AA3_3.hmm            -            590   3.9e-89  299.0   0.0   1   2   2.2e-65   5.7e-63  212.6   0.0     3   463    13   506    11   523 0.79 [Phchr4_2]
gene_1206            -            605 AA3_3.hmm            -            590   3.9e-89  299.0   0.0   2   2   4.5e-26   1.2e-23   82.8   0.0   510   586   526   602   507   604 0.94 [Phchr4_2]
gene_10845           -            630 AA3_3.hmm            -            590   2.3e-87  293.2   0.0   1   2   2.3e-62   6.1e-60  202.6   0.0     3   446    27   506    25   512 0.82 [Phchr4_2]
gene_10845           -            630 AA3_3.hmm            -            590   2.3e-87  293.2   0.0   2   2   7.7e-27     2e-24   85.3   0.0   512   590   547   625   536   625 0.97 [Phchr4_2]
gene_6793            -            664 AA3_3.hmm            -            590   3.1e-86  289.5   0.0   1   2   2.7e-66   7.1e-64  215.6   0.0     1   448    73   536    73   552 0.87 [Phchr4_2]
gene_6793            -            664 AA3_3.hmm            -            590   3.1e-86  289.5   0.0   2   2   8.8e-23   2.3e-20   71.9   0.0   509   590   576   657   561   657 0.96 [Phchr4_2]
gene_10834           -            615 AA3_3.hmm            -            590   1.7e-85  287.0   0.0   1   2   5.4e-64   1.4e-61  208.0   0.0     4   450    15   497    12   506 0.84 [Phchr4_2]
gene_10834           -            615 AA3_3.hmm            -            590   1.7e-85  287.0   0.0   2   2     1e-23   2.7e-21   75.0   0.0   510   589   532   611   525   612 0.95 [Phchr4_2]
gene_9751            -            613 AA3_3.hmm            -            590   6.6e-84  281.8   0.0   1   2   8.4e-54   2.2e-51  174.4   0.0     3   316    13   333    11   363 0.87 [Phchr4_2]
gene_9751            -            613 AA3_3.hmm            -            590   6.6e-84  281.8   0.0   2   2   1.2e-24   3.1e-22   78.1   0.1   511   586   523   598   517   600 0.95 [Phchr4_2]
gene_3693            -            606 AA3_3.hmm            -            590   1.1e-79  267.8   0.0   1   2   2.5e-56   6.7e-54  182.7   0.0     3   449    16   488    14   500 0.82 [Phchr4_2]
gene_3693            -            606 AA3_3.hmm            -            590   1.1e-79  267.8   0.0   2   2   4.6e-26   1.2e-23   82.8   0.1   510   586   524   600   517   603 0.95 [Phchr4_2]
gene_3128            -            607 AA3_3.hmm            -            590   1.1e-79  267.8   0.0   1   2   9.1e-60   2.4e-57  194.1   0.0     3   460    18   499    16   516 0.81 [Phchr4_2]
gene_3128            -            607 AA3_3.hmm            -            590   1.1e-79  267.8   0.0   2   2   4.4e-22   1.2e-19   69.6   0.0   509   586   523   600   501   602 0.94 [Phchr4_2]
gene_3119            -            607 AA3_3.hmm            -            590   1.5e-78  264.1   0.0   1   2   3.6e-59   9.7e-57  192.1   0.0     3   460    18   499    16   517 0.81 [Phchr4_2]
gene_3119            -            607 AA3_3.hmm            -            590   1.5e-78  264.1   0.0   2   2   8.6e-22   2.3e-19   68.6   0.0   510   586   524   600   508   602 0.94 [Phchr4_2]
gene_7594            -            598 AA3_3.hmm            -            590     8e-78  261.7   0.0   1   1   2.9e-68   7.8e-66  222.1   0.0     2   461    36   494    35   500 0.86 [Phchr4_2]
gene_2881            -            603 AA3_3.hmm            -            590   8.9e-78  261.5   0.0   1   2   3.9e-59     1e-56  192.0   0.0     3   459    15   500    13   517 0.83 [Phchr4_2]
gene_2881            -            603 AA3_3.hmm            -            590   8.9e-78  261.5   0.0   2   2   4.3e-21   1.1e-18   66.3   0.0   510   586   524   600   513   602 0.95 [Phchr4_2]
gene_3131            -            606 AA3_3.hmm            -            590   2.2e-77  260.2   0.0   1   2   1.8e-59   4.9e-57  193.0   0.0     3   453    18   492    16   502 0.81 [Phchr4_2]
gene_3131            -            606 AA3_3.hmm            -            590   2.2e-77  260.2   0.0   2   2   1.1e-20   2.8e-18   65.0   0.0   504   586   518   600   501   602 0.92 [Phchr4_2]
gene_10855           -            588 AA3_3.hmm            -            590   1.3e-76  257.7   0.0   1   1     2e-62   5.2e-60  202.9   0.0     2   343    37   385    36   413 0.83 [Phchr4_2]
gene_5166            -            602 AA3_3.hmm            -            590   1.8e-76  257.2   0.0   1   2   2.3e-59   6.2e-57  192.7   0.0     3   462    16   501    14   515 0.78 [Phchr4_2]
gene_5166            -            602 AA3_3.hmm            -            590   1.8e-76  257.2   0.0   2   2   1.5e-19   4.1e-17   61.2   0.0   509   586   521   598   516   601 0.96 [Phchr4_2]
gene_12307           -            604 AA3_3.hmm            -            590     2e-76  257.1   0.1   1   2   1.5e-46   4.1e-44  150.4   0.1     3   315    13   330    11   367 0.81 [Phchr4_2]
gene_12307           -            604 AA3_3.hmm            -            590     2e-76  257.1   0.1   2   2   7.8e-25   2.1e-22   78.7   0.0   510   586   523   599   518   602 0.96 [Phchr4_2]
gene_392             -            588 AA3_3.hmm            -            590   9.1e-76  254.9   0.0   1   2   1.6e-56   4.2e-54  183.4   0.0     2   455    21   478    20   493 0.83 [Phchr4_2]
gene_392             -            588 AA3_3.hmm            -            590   9.1e-76  254.9   0.0   2   2   1.8e-21   4.7e-19   67.6   0.0   502   585   497   580   482   585 0.93 [Phchr4_2]
gene_6663            -            605 AA3_3.hmm            -            590   3.5e-75  253.0   0.0   1   2   1.6e-41   4.4e-39  133.8   0.0     2   317    13   333    12   368 0.84 [Phchr4_2]
gene_6663            -            605 AA3_3.hmm            -            590   3.5e-75  253.0   0.0   2   2   1.4e-23   3.7e-21   74.6   0.0   509   586   525   602   521   604 0.96 [Phchr4_2]
gene_7821            -            605 AA3_3.hmm            -            590   9.3e-75  251.6   0.0   1   2   2.6e-56   6.9e-54  182.6   0.0     2   462    14   503    13   518 0.84 [Phchr4_2]
gene_7821            -            605 AA3_3.hmm            -            590   9.3e-75  251.6   0.0   2   2   5.7e-21   1.5e-18   65.9   0.0   510   586   524   600   519   602 0.94 [Phchr4_2]
gene_10726           -            602 AA3_3.hmm            -            590   5.5e-74  249.0   0.0   1   2   1.3e-57   3.3e-55  187.0   0.0     2   460    15   499    14   506 0.77 [Phchr4_2]
gene_10726           -            602 AA3_3.hmm            -            590   5.5e-74  249.0   0.0   2   2   1.9e-18     5e-16   57.6   0.0   509   585   521   597   517   600 0.96 [Phchr4_2]
gene_12293           -            606 AA3_3.hmm            -            590   3.3e-73  246.4   0.0   1   2   1.6e-44   4.1e-42  143.8   0.0     3   317    13   333    11   369 0.78 [Phchr4_2]
gene_12293           -            606 AA3_3.hmm            -            590   3.3e-73  246.4   0.0   2   2   1.4e-24   3.7e-22   77.9   0.0   509   586   525   601   521   603 0.92 [Phchr4_2]
gene_2880            -            603 AA3_3.hmm            -            590   6.4e-73  245.5   0.0   1   2   7.9e-54   2.1e-51  174.4   0.0     3   458    15   499    13   518 0.83 [Phchr4_2]
gene_2880            -            603 AA3_3.hmm            -            590   6.4e-73  245.5   0.0   2   2   6.6e-22   1.7e-19   69.0   0.0   510   586   524   600   519   602 0.95 [Phchr4_2]
gene_2871            -            603 AA3_3.hmm            -            590   9.8e-73  244.9   0.0   1   2   8.7e-54   2.3e-51  174.3   0.0     3   451    15   492    13   505 0.83 [Phchr4_2]
gene_2871            -            603 AA3_3.hmm            -            590   9.8e-73  244.9   0.0   2   2     1e-21   2.7e-19   68.4   0.0   510   586   524   600   512   602 0.94 [Phchr4_2]
gene_5169            -            587 AA3_3.hmm            -            590   2.1e-72  243.8   0.0   1   2   1.3e-56   3.5e-54  183.6   0.0     1   313    18   329    18   338 0.91 [Phchr4_2]
gene_5169            -            587 AA3_3.hmm            -            590   2.1e-72  243.8   0.0   2   2   1.7e-16   4.5e-14   51.2   0.0   508   587   498   579   490   581 0.94 [Phchr4_2]
gene_12449           -            599 AA3_3.hmm            -            590   5.5e-72  242.4   0.0   1   2   1.1e-57   2.9e-55  187.2   0.0     1   461    14   497    14   504 0.80 [Phchr4_2]
gene_12449           -            599 AA3_3.hmm            -            590   5.5e-72  242.4   0.0   2   2   8.5e-17   2.3e-14   52.1   0.0   510   586   519   595   515   598 0.93 [Phchr4_2]
gene_1204            -            587 AA3_3.hmm            -            590   6.3e-71  238.9   0.0   1   2   1.4e-50   3.6e-48  163.8   0.0     3   463    13   488    11   493 0.85 [Phchr4_2]
gene_1204            -            587 AA3_3.hmm            -            590   6.3e-71  238.9   0.0   2   2   8.4e-23   2.2e-20   72.0   0.0   509   585   507   581   504   584 0.94 [Phchr4_2]
gene_5173            -            582 AA3_3.hmm            -            590   3.3e-69  233.2   0.0   1   2   7.6e-54     2e-51  174.5   0.0     2   319    19   334    18   339 0.86 [Phchr4_2]
gene_5173            -            582 AA3_3.hmm            -            590   3.3e-69  233.2   0.0   2   2   7.3e-16   1.9e-13   49.1   0.0   507   585   496   576   492   579 0.95 [Phchr4_2]
gene_5175            -            581 AA3_3.hmm            -            590   1.7e-68  230.9   0.0   1   2   5.2e-53   1.4e-50  171.7   0.0     1   447    18   465    18   484 0.82 [Phchr4_2]
gene_5175            -            581 AA3_3.hmm            -            590   1.7e-68  230.9   0.0   2   2   1.2e-17   3.2e-15   54.9   0.0   508   586   498   578   494   581 0.95 [Phchr4_2]
gene_9752            -            648 AA3_3.hmm            -            590   3.6e-68  229.8   0.0   1   3   7.8e-17   2.1e-14   52.3   0.0    12   130    29   151    27   165 0.88 [Phchr4_2]
gene_9752            -            648 AA3_3.hmm            -            590   3.6e-68  229.8   0.0   2   3   4.2e-29   1.1e-26   92.8   0.0   192   461   258   545   256   559 0.80 [Phchr4_2]
gene_9752            -            648 AA3_3.hmm            -            590   3.6e-68  229.8   0.0   3   3   1.1e-24     3e-22   78.2   0.0   509   586   566   643   562   645 0.96 [Phchr4_2]
gene_3121            -            582 AA3_3.hmm            -            590   5.6e-66  222.6   0.0   1   1   5.6e-52   1.5e-49  168.3   0.0     2   309    19   324    18   339 0.85 [Phchr4_2]
gene_7629            -            591 AA3_3.hmm            -            590   3.6e-65  219.9   0.0   1   1   1.6e-48   4.2e-46  156.9   0.0     2   339    16   354    15   380 0.85 [Phchr4_2]
gene_4152            -            630 AA3_3.hmm            -            590     5e-65  219.4   0.0   1   2   7.3e-51     2e-48  164.6   0.0     3   465    32   520    31   541 0.81 [Phchr4_2]
gene_4152            -            630 AA3_3.hmm            -            590     5e-65  219.4   0.0   2   2   2.3e-16   6.2e-14   50.7   0.1   511   589   547   625   535   626 0.94 [Phchr4_2]
gene_3223            -            703 AA3_3.hmm            -            590   1.5e-64  217.8   0.0   1   1     3e-54   7.9e-52  175.9   0.0     2   460    56   544    55   567 0.82 [Phchr4_2]
gene_5168            -            377 AA3_3.hmm            -            590   2.3e-52  177.6   0.0   1   1   1.1e-54   2.8e-52  177.3   0.0     3   317    16   335    14   361 0.86 [Phchr4_2]
gene_5167            -            264 AA3_3.hmm            -            590   4.2e-24   84.3   0.0   1   1   2.5e-19   6.6e-17   60.5   0.0   509   585   186   262   182   264 0.96 [Phchr4_2]
gene_7349            -            773 AA3_3.hmm            -            590   2.7e-22   78.3   0.0   1   1   3.8e-17     1e-14   53.3   0.0     3   290   235   508   233   518 0.77 [Phchr4_2]
gene_9748            -            179 AA3_3.hmm            -            590   2.8e-19   68.3   0.0   1   1   2.2e-16   5.9e-14   50.8   0.0   509   577   110   178   105   179 0.95 [Phchr4_2]
#
# Program:         hmmsearch
# Version:         3.3.2 (Nov 2020)
# Pipeline mode:   SEARCH
# Query file:      /kb/module/work/tmp/output.1777173254839/AA3_3/AA3_3.hmm
# Target file:     /kb/module/work/tmp/output.1777173254839/Phchr4_2.fasta
# Option settings: /kb/module/hmmer/bin/hmmsearch --domtblout /kb/module/work/tmp/output.1777173254839/AA3_3/AA3_3-Phchr4_2.hitout.txt --noali --notextw --domE 1e-15 /kb/module/work/tmp/output.1777173254839/AA3_3/AA3_3.hmm /kb/module/work/tmp/output.1777173254839/Phchr4_2.fasta 
# Current dir:     /kb/module/work/tmp/output.1777173254839
# Date:            Sun Apr 26 03:19:40 2026
# [ok]
