#                                                                            --- full sequence --- -------------- this domain -------------   hmm coord   ali coord   env coord
# target name        accession   tlen query name           accession   qlen   E-value  score  bias   #  of  c-Evalue  i-Evalue  score  bias  from    to  from    to  from    to  acc description of target
#------------------- ---------- ----- -------------------- ---------- ----- --------- ------ ----- --- --- --------- --------- ------ ----- ----- ----- ----- ----- ----- ----- ---- ---------------------
gene_6151            -            397 CE1.hmm              -            227   3.2e-42  144.5   0.1   1   1   3.8e-44   4.4e-42  144.0   0.1     1   212   155   379   155   391 0.78 [Caecom1]
gene_5897            -            509 CE1.hmm              -            227   7.1e-39  133.5   0.1   1   1     1e-40   1.2e-38  132.8   0.1     9   220   249   473   242   479 0.82 [Caecom1]
gene_14735           -            275 CE1.hmm              -            227   7.9e-39  133.4   0.0   1   1   8.1e-41   9.3e-39  133.2   0.0     1   222    33   268    33   273 0.81 [Caecom1]
gene_11288           -            266 CE1.hmm              -            227   2.3e-38  131.9   0.0   1   1   2.4e-40   2.7e-38  131.6   0.0     1   209    30   247    30   259 0.77 [Caecom1]
gene_8016            -            458 CE1.hmm              -            227   3.5e-38  131.3   0.1   1   1     5e-40   5.8e-38  130.6   0.1     1   219   216   448   216   455 0.79 [Caecom1]
gene_9328            -            468 CE1.hmm              -            227   3.7e-38  131.2   0.1   1   1   5.3e-40   6.1e-38  130.5   0.1     1   219   226   458   226   465 0.79 [Caecom1]
gene_6152            -            233 CE1.hmm              -            227   8.5e-38  130.0   0.2   1   1   8.6e-40   9.9e-38  129.8   0.2     1   176    33   222    33   232 0.79 [Caecom1]
gene_9421            -            348 CE1.hmm              -            227   1.1e-37  129.6   0.1   1   1   9.7e-40   1.1e-37  129.6   0.1     1   209    33   255    33   270 0.80 [Caecom1]
gene_11030           -            277 CE1.hmm              -            227   2.8e-37  128.3   0.1   1   1   2.9e-39   3.4e-37  128.1   0.1     1   221    33   267    33   272 0.78 [Caecom1]
gene_5875            -            289 CE1.hmm              -            227   5.9e-37  127.3   0.0   1   1   6.2e-39   7.2e-37  127.0   0.0     1   213    40   269    40   283 0.78 [Caecom1]
gene_9327            -            274 CE1.hmm              -            227   1.5e-36  125.9   0.1   1   1   1.6e-38   1.8e-36  125.7   0.1     5   220    37   265    33   271 0.79 [Caecom1]
gene_8018            -            280 CE1.hmm              -            227   1.6e-36  125.9   0.1   1   1   1.7e-38     2e-36  125.5   0.1     5   220    37   265    33   271 0.79 [Caecom1]
gene_11031           -            282 CE1.hmm              -            227     2e-36  125.6   0.1   1   1   2.1e-38   2.4e-36  125.3   0.1     1   221    33   267    33   272 0.77 [Caecom1]
gene_14618           -            519 CE1.hmm              -            227   8.2e-36  123.5   0.7   1   1   1.1e-37   1.3e-35  122.9   0.7     9   221   247   486   243   491 0.78 [Caecom1]
gene_19415           -            519 CE1.hmm              -            227   8.2e-36  123.5   0.7   1   1   1.1e-37   1.3e-35  122.9   0.7     9   221   247   486   243   491 0.78 [Caecom1]
gene_11036           -            351 CE1.hmm              -            227   1.2e-35  123.0   0.1   1   1   1.6e-37   1.9e-35  122.4   0.1     1   214    33   260    33   270 0.76 [Caecom1]
gene_7558            -            576 CE1.hmm              -            227   1.5e-35  122.7   0.2   1   1     2e-37   2.3e-35  122.1   0.2    10   220   237   461   230   467 0.80 [Caecom1]
gene_8275            -            411 CE1.hmm              -            227   4.8e-35  121.0   0.0   1   1   6.1e-37     7e-35  120.5   0.0     1   209   113   336   113   351 0.79 [Caecom1]
gene_6148            -            514 CE1.hmm              -            227     8e-35  120.3   0.2   1   1   1.1e-36   1.3e-34  119.6   0.2     8   221   251   485   245   489 0.76 [Caecom1]
gene_10709           -            274 CE1.hmm              -            227     1e-34  120.0   0.1   1   1   1.1e-36   1.2e-34  119.7   0.1     5   220    37   266    33   272 0.78 [Caecom1]
gene_6150            -            516 CE1.hmm              -            227   1.1e-34  119.9   1.1   1   1   1.4e-36   1.6e-34  119.3   1.1     8   222   247   482   241   485 0.78 [Caecom1]
gene_6149            -            506 CE1.hmm              -            227   1.5e-34  119.4   0.4   1   1   2.3e-36   2.7e-34  118.6   0.4     8   221   243   474   237   478 0.79 [Caecom1]
gene_6160            -            518 CE1.hmm              -            227   3.6e-34  118.1   0.3   1   1   4.6e-36   5.3e-34  117.6   0.3     7   222   249   481   244   486 0.83 [Caecom1]
gene_4356            -            518 CE1.hmm              -            227   5.6e-34  117.5   0.2   1   1   7.7e-36   8.8e-34  116.9   0.2     7   220   247   475   242   480 0.76 [Caecom1]
gene_19199           -            493 CE1.hmm              -            227   1.1e-33  116.5   0.0   1   1   2.1e-35   2.4e-33  115.5   0.0     7   220   150   377   145   382 0.83 [Caecom1]
gene_11477           -            563 CE1.hmm              -            227   1.8e-33  115.9   0.5   1   1   2.4e-35   2.8e-33  115.2   0.5    10   220   250   481   243   487 0.81 [Caecom1]
gene_2261            -            395 CE1.hmm              -            227   4.5e-31  108.0   0.6   1   1     6e-33   6.9e-31  107.4   0.6     9   222   159   389   154   393 0.76 [Caecom1]
gene_2258            -            398 CE1.hmm              -            227   9.4e-29  100.4   0.2   1   1   1.3e-30   1.5e-28   99.8   0.2    10   222   165   392   159   396 0.76 [Caecom1]
gene_19201           -            334 CE1.hmm              -            227   4.9e-28   98.1   0.0   1   1   7.9e-30   9.1e-28   97.2   0.0     7   177   150   333   144   334 0.81 [Caecom1]
gene_2259            -            545 CE1.hmm              -            227   2.8e-26   92.3   0.2   1   1   4.1e-28   4.7e-26   91.6   0.2    10   222   312   539   306   543 0.77 [Caecom1]
gene_8549            -            378 CE1.hmm              -            227   1.2e-22   80.5   0.3   1   1   1.9e-24   2.2e-22   79.6   0.3     8   141    47   171    42   246 0.79 [Caecom1]
gene_11706           -            426 CE1.hmm              -            227   1.2e-22   80.5   0.2   1   1   1.5e-24   1.8e-22   79.9   0.2     8   143    54   196    48   272 0.79 [Caecom1]
gene_13402           -            369 CE1.hmm              -            227   1.5e-22   80.1   0.2   1   1   1.8e-24     2e-22   79.7   0.2     8   143    62   210    57   292 0.80 [Caecom1]
gene_12776           -            431 CE1.hmm              -            227   2.7e-22   79.3   0.5   1   1   4.3e-24     5e-22   78.4   0.5     8   142    51   176    46   248 0.79 [Caecom1]
gene_11181           -            649 CE1.hmm              -            227   6.3e-22   78.1   0.2   1   1   1.2e-23   1.4e-21   77.0   0.2     8   142    45   170    39   244 0.80 [Caecom1]
gene_22921           -            394 CE1.hmm              -            227   8.3e-18   64.6   0.1   1   1     1e-19   1.2e-17   64.1   0.1     8   134   151   276   145   350 0.88 [Caecom1]
gene_7308            -            582 CE1.hmm              -            227     3e-17   62.8   0.1   1   1   4.8e-19   5.6e-17   61.9   0.1     4   135   335   465   332   541 0.85 [Caecom1]
gene_10986           -            390 CE1.hmm              -            227   3.3e-17   62.6   0.1   1   1   5.6e-19   6.4e-17   61.7   0.1     8   135   147   273   140   349 0.84 [Caecom1]
gene_10985           -            264 CE1.hmm              -            227   6.9e-17   61.6   0.1   1   1     7e-19     8e-17   61.4   0.1     8   135    21   147    14   228 0.82 [Caecom1]
gene_2247            -            342 CE1.hmm              -            227   1.2e-16   60.8   0.1   1   1   1.1e-18   1.2e-16   60.8   0.1     8   135    99   225    92   325 0.83 [Caecom1]
gene_11968           -            526 CE1.hmm              -            227   1.3e-16   60.7   2.8   1   1   1.1e-18   1.3e-16   60.7   2.8    15   143   205   401   197   497 0.66 [Caecom1]
gene_12682           -            295 CE1.hmm              -            227     6e-16   58.6   0.1   1   1   5.6e-18   6.4e-16   58.5   0.1    38   143     4   127     1   242 0.78 [Caecom1]
gene_20625           -            342 CE1.hmm              -            227   1.2e-14   54.3   0.1   1   1   1.5e-16   1.7e-14   53.8   0.1    25   134   114   224   104   300 0.88 [Caecom1]
#
# Program:         hmmsearch
# Version:         3.3.2 (Nov 2020)
# Pipeline mode:   SEARCH
# Query file:      /kb/module/work/tmp/output.1777173254839/CE1/CE1.hmm
# Target file:     /kb/module/work/tmp/output.1777173254839/Caecom1.fasta
# Option settings: /kb/module/hmmer/bin/hmmsearch --domtblout /kb/module/work/tmp/output.1777173254839/CE1/CE1-Caecom1.hitout.txt --noali --notextw --domE 1e-15 /kb/module/work/tmp/output.1777173254839/CE1/CE1.hmm /kb/module/work/tmp/output.1777173254839/Caecom1.fasta 
# Current dir:     /kb/module/work/tmp/output.1777173254839
# Date:            Sun Apr 26 03:19:01 2026
# [ok]
