#                                                                            --- full sequence --- -------------- this domain -------------   hmm coord   ali coord   env coord
# target name        accession   tlen query name           accession   qlen   E-value  score  bias   #  of  c-Evalue  i-Evalue  score  bias  from    to  from    to  from    to  acc description of target
#------------------- ---------- ----- -------------------- ---------- ----- --------- ------ ----- --- --- --------- --------- ------ ----- ----- ----- ----- ----- ----- ----- ---- ---------------------
gene_7709            -            569 CE4.hmm              -            130   4.1e-48  162.5   0.5   1   2   3.3e-25   9.5e-23   80.5   0.1     6   124    28   152    23   157 0.83 [Caecom1]
gene_7709            -            569 CE4.hmm              -            130   4.1e-48  162.5   0.5   2   2   6.2e-25   1.8e-22   79.6   0.1     6   124   307   431   303   436 0.85 [Caecom1]
gene_3890            -            548 CE4.hmm              -            130   2.8e-32  111.3   0.0   1   1   1.6e-34   4.7e-32  110.6   0.0     4   124   340   468   337   473 0.90 [Caecom1]
gene_15179           -            350 CE4.hmm              -            130     1e-31  109.4   0.0   1   1   6.5e-34   1.9e-31  108.6   0.0     5   123   144   270   140   274 0.91 [Caecom1]
gene_7184            -            442 CE4.hmm              -            130   2.4e-31  108.3   0.0   1   1   1.6e-33   4.6e-31  107.4   0.0     3   124   234   363   232   368 0.92 [Caecom1]
gene_13916           -            263 CE4.hmm              -            130   7.4e-31  106.7   0.0   1   1   5.3e-33   1.5e-30  105.7   0.0     4   124    56   184    53   189 0.87 [Caecom1]
gene_7712            -            263 CE4.hmm              -            130   7.4e-31  106.7   0.0   1   1   5.3e-33   1.5e-30  105.7   0.0     4   124    56   184    53   189 0.87 [Caecom1]
gene_8015            -            394 CE4.hmm              -            130   4.7e-30  104.1   0.0   1   1   3.8e-32   1.1e-29  102.9   0.0     7   123   189   313   184   317 0.92 [Caecom1]
gene_3345            -            306 CE4.hmm              -            130   1.4e-29  102.5   0.0   1   1   7.8e-32   2.2e-29  101.9   0.0     5   124   101   228    97   233 0.92 [Caecom1]
gene_3901            -            476 CE4.hmm              -            130   1.5e-29  102.5   0.0   1   1   9.1e-32   2.6e-29  101.7   0.0     2   126   266   398   265   402 0.89 [Caecom1]
gene_1072            -            436 CE4.hmm              -            130   2.7e-29  101.6   0.0   1   1   1.8e-31   5.1e-29  100.7   0.0     3   125   220   348   218   352 0.92 [Caecom1]
gene_7375            -            255 CE4.hmm              -            130   5.2e-29  100.7   0.4   1   1   6.6e-31   1.9e-28   98.9   0.1     7   123    48   172    42   179 0.91 [Caecom1]
gene_3342            -            791 CE4.hmm              -            130   1.1e-28   99.7   0.1   1   1   1.3e-30   3.8e-28   97.9   0.0     4   125   584   713   581   717 0.87 [Caecom1]
gene_8014            -            588 CE4.hmm              -            130   1.5e-28   99.2   0.0   1   1   1.3e-30   3.8e-28   97.9   0.0     7   123   383   507   378   512 0.90 [Caecom1]
gene_7374            -            331 CE4.hmm              -            130   1.9e-28   98.9   0.0   1   1   1.9e-30   5.4e-28   97.4   0.0     4   123   122   249   119   254 0.90 [Caecom1]
gene_6610            -            340 CE4.hmm              -            130   2.5e-28   98.5   0.0   1   1   2.2e-30   6.5e-28   97.2   0.0     5   119    31   166    27   176 0.82 [Caecom1]
gene_3343            -            646 CE4.hmm              -            130   2.5e-28   98.5   0.0   1   1     4e-30   1.1e-27   96.4   0.0     4   125   439   568   436   572 0.87 [Caecom1]
gene_5609            -            488 CE4.hmm              -            130   6.8e-28   97.1   0.0   1   1   4.1e-30   1.2e-27   96.3   0.0     7   123   285   408   279   413 0.90 [Caecom1]
gene_14518           -            340 CE4.hmm              -            130   1.1e-27   96.5   0.0   1   1   8.2e-30   2.4e-27   95.4   0.0     6   109    67   181    62   209 0.83 [Caecom1]
gene_867             -            349 CE4.hmm              -            130   1.3e-27   96.2   0.0   1   1   1.1e-29   3.1e-27   95.0   0.0     9   125    32   157    24   162 0.87 [Caecom1]
gene_12299           -            226 CE4.hmm              -            130   2.4e-27   95.3   0.0   1   1   3.6e-29     1e-26   93.3   0.0     6   120    20   137    16   145 0.91 [Caecom1]
gene_13260           -            361 CE4.hmm              -            130   3.3e-27   94.9   0.0   1   1   3.5e-29     1e-26   93.3   0.0     5   127    28   158    24   161 0.91 [Caecom1]
gene_11442           -            490 CE4.hmm              -            130   5.7e-27   94.1   0.0   1   1   3.6e-29   1.1e-26   93.3   0.0     8   123   288   410   282   415 0.91 [Caecom1]
gene_12875           -            724 CE4.hmm              -            130   6.3e-27   94.0   0.3   1   1   1.4e-28   4.1e-26   91.3   0.0    10   123   519   640   512   644 0.92 [Caecom1]
gene_2749            -            170 CE4.hmm              -            130   1.7e-26   92.6   0.0   1   1   7.4e-29   2.1e-26   92.3   0.0     5   125    25   151    21   155 0.87 [Caecom1]
gene_4788            -            342 CE4.hmm              -            130   2.2e-26   92.2   0.0   1   1   2.3e-28   6.7e-26   90.7   0.0    11   123   142   262   137   268 0.88 [Caecom1]
gene_4922            -            396 CE4.hmm              -            130   3.4e-26   91.6   0.0   1   1   2.6e-28   7.5e-26   90.5   0.0    11   123   196   316   191   320 0.91 [Caecom1]
gene_3891            -            162 CE4.hmm              -            130     1e-25   90.1   0.0   1   1   4.3e-28   1.2e-25   89.8   0.0     8   126    33   159    27   162 0.88 [Caecom1]
gene_3444            -            483 CE4.hmm              -            130     2e-25   89.1   0.0   1   1   1.5e-27   4.2e-25   88.1   0.0     6   128    31   162    26   164 0.87 [Caecom1]
gene_8080            -            383 CE4.hmm              -            130   2.7e-25   88.7   0.0   1   1   1.8e-27   5.2e-25   87.8   0.0     6   125   124   271   120   275 0.85 [Caecom1]
gene_3893            -            293 CE4.hmm              -            130   5.1e-25   87.8   0.0   1   1   3.6e-27     1e-24   86.8   0.0     9   119    31   149    24   152 0.90 [Caecom1]
gene_1418            -            306 CE4.hmm              -            130   1.3e-23   83.3   0.0   1   1   1.3e-25   3.7e-23   81.8   0.0    12   116    25   138    22   152 0.84 [Caecom1]
gene_5183            -            387 CE4.hmm              -            130   9.4e-23   80.5   0.0   1   1   6.3e-25   1.8e-22   79.6   0.0    29   124   205   308   189   313 0.91 [Caecom1]
gene_8081            -            316 CE4.hmm              -            130   6.2e-22   77.8   0.0   1   1   3.4e-24   9.8e-22   77.2   0.0     8   124    38   182    32   186 0.79 [Caecom1]
gene_10257           -            320 CE4.hmm              -            130   2.5e-21   75.9   0.0   1   1   1.6e-23   4.6e-21   75.0   0.0     5   109    24   144    20   178 0.84 [Caecom1]
gene_2906            -            366 CE4.hmm              -            130   3.3e-21   75.5   0.0   1   1   2.4e-23   6.8e-21   74.5   0.0     8   123   161   282   155   286 0.89 [Caecom1]
gene_7710            -            273 CE4.hmm              -            130     7e-20   71.2   0.1   1   1   5.2e-21   1.5e-18   66.9   0.1     6   125    27   140    22   145 0.88 [Caecom1]
gene_3892            -            343 CE4.hmm              -            130   2.2e-17   63.1   0.7   1   1   3.6e-19     1e-16   60.9   0.0     8   124    31   154    25   159 0.81 [Caecom1]
gene_9818            -            292 CE4.hmm              -            130   3.2e-16   59.3   0.0   1   1   2.2e-18   6.2e-16   58.4   0.0     6   126    51   176    46   179 0.87 [Caecom1]
gene_13901           -            315 CE4.hmm              -            130   1.3e-14   54.2   0.0   1   1   8.7e-17   2.5e-14   53.2   0.0    35   125    34   130    29   134 0.91 [Caecom1]
gene_12186           -            457 CE4.hmm              -            130   3.7e-14   52.7   0.0   1   1   3.1e-16   9.1e-14   51.4   0.0     8   107    32   125    28   139 0.75 [Caecom1]
#
# Program:         hmmsearch
# Version:         3.3.2 (Nov 2020)
# Pipeline mode:   SEARCH
# Query file:      /kb/module/work/tmp/output.1777173254839/CE4/CE4.hmm
# Target file:     /kb/module/work/tmp/output.1777173254839/Caecom1.fasta
# Option settings: /kb/module/hmmer/bin/hmmsearch --domtblout /kb/module/work/tmp/output.1777173254839/CE4/CE4-Caecom1.hitout.txt --noali --notextw --domE 1e-15 /kb/module/work/tmp/output.1777173254839/CE4/CE4.hmm /kb/module/work/tmp/output.1777173254839/Caecom1.fasta 
# Current dir:     /kb/module/work/tmp/output.1777173254839
# Date:            Sun Apr 26 03:19:03 2026
# [ok]
